0 0.5456730769230769 0.5324519230769231 0.05829326923076923 0.04326923076923077
0 0.5096153846153846 0.4206730769230769 0.03365384615384615 0.03485576923076923
0 0.4014423076923077 0.53125 0.048677884615384616 0.06790865384615384
0 0.6634615384615384 0.3004807692307692 0.056490384615384616 0.04807692307692308
0 0.640625 0.3954326923076923 0.06430288461538461 0.08473557692307693
0 0.4699519230769231 0.25600961538461536 0.046274038461538464 0.052884615384615384
0 0.5324519230769231 0.3076923076923077 0.031850961538461536 0.04807692307692308
0 0.7728365384615384 0.49278846153846156 0.05048076923076923 0.09615384615384616
0 0.6274038461538461 0.7007211538461539 0.06670673076923077 0.10757211538461539
0 0.8064903846153846 0.8641826923076923 0.045072115384615384 0.05588942307692308
0 0.9603365384615384 0.8725961538461539 0.07932692307692307 0.09194711538461539