0 0.5120192307692307 0.47836538461538464 0.05829326923076923 0.04326923076923077
0 0.47596153846153844 0.36778846153846156 0.03365384615384615 0.03485576923076923
0 0.36778846153846156 0.47836538461538464 0.048677884615384616 0.06790865384615384
0 0.6298076923076923 0.24639423076923078 0.056490384615384616 0.04807692307692308
0 0.6069711538461539 0.34134615384615385 0.06430288461538461 0.0859375
0 0.4362980769230769 0.203125 0.046274038461538464 0.052884615384615384
0 0.4987980769230769 0.2536057692307692 0.031850961538461536 0.04807692307692308
0 0.7391826923076923 0.4387019230769231 0.05048076923076923 0.09615384615384616
0 0.59375 0.6466346153846154 0.06670673076923077 0.1063701923076923
0 0.7716346153846154 0.8100961538461539 0.043870192307692304 0.05709134615384615
0 0.9302884615384616 0.8209134615384616 0.08653846153846154 0.09134615384615384