0 0.5264423076923077 0.49158653846153844 0.054086538461538464 0.040865384615384616
0 0.49278846153846156 0.3858173076923077 0.033052884615384616 0.03545673076923077
0 0.3894230769230769 0.49038461538461536 0.047475961538461536 0.06610576923076923
0 0.6382211538461539 0.2704326923076923 0.052884615384615384 0.04567307692307692
0 0.6165865384615384 0.3605769230769231 0.060697115384615384 0.0811298076923077
0 0.4543269230769231 0.22956730769230768 0.043870192307692304 0.05048076923076923
0 0.5144230769230769 0.2776442307692308 0.030048076923076924 0.04567307692307692
0 0.7427884615384616 0.453125 0.04807692307692308 0.09134615384615384
0 0.6045673076923077 0.6502403846153846 0.0625 0.10096153846153846
0 0.7740384615384616 0.8052884615384616 0.04266826923076923 0.05348557692307692
0 0.9242788461538461 0.8161057692307693 0.08353365384615384 0.08653846153846154